0	0	2	-1	870926
0	0	3	-1	870926
0	0	4	-1	870926
0	0	5	-1	870926
0	0	6	-1	870926
0	0	7	-1	870926
0	1	8	-1	870926
0	1	9	-1	870926
0	1	10	-1	870926
0	1	11	-1	870926
0	1	12	-1	870926
0	1	13	-1	870926
0	0	14	-1	870926
0	0	15	-1	870926
0	0	16	-1	870926
0	0	17	-1	870926
0	0	18	-1	870926
0	0	19	-1	870926
0	2	20	-1	870926
0	2	21	-1	870926
0	2	22	-1	870926
0	2	23	-1	870926
0	2	24	-1	870926
0	2	25	-1	870926
0	2	26	-1	870926
0	3	27	-1	870926
0	3	28	-1	870926
0	3	29	-1	870926
0	3	30	-1	870926
0	4	31	-1	870926
0	4	32	-1	870926
0	4	33	-1	870926
0	4	34	-1	870926
0	4	35	-1	870926
0	4	36	-1	870926
0	5	37	-1	870926
0	5	38	-1	870926
0	5	39	-1	870926
0	5	40	-1	870926
0	5	41	-1	870926
0	5	42	-1	870926
0	6	43	-1	870926
0	6	44	-1	870926
0	6	45	-1	870926
0	6	46	-1	870926
0	6	47	-1	870926
0	7	48	-1	870926
0	7	49	-1	870926
0	7	50	-1	870926
0	7	51	-1	870926
0	7	52	-1	870926
0	7	53	-1	870926
0	8	54	-1	870926
0	8	55	-1	870926
0	8	56	-1	870926
0	8	57	-1	870926
0	8	58	-1	870926
0	8	59	-1	870926
0	9	60	-1	870926
0	9	61	-1	870926
0	9	62	-1	870926
0	9	63	-1	870926
0	10	70	-1	870926
0	10	71	-1	870926
0	10	72	-1	870926
0	11	73	-1	870926
0	11	74	-1	870926
0	11	75	-1	870926
0	12	76	-1	870926
0	12	77	-1	870926
0	12	78	-1	870926
0	3	79	-1	870926
0	3	80	-1	870926
0	3	81	-1	870926
0	3	82	-1	870926
0	3	83	-1	870926
0	13	84	-1	870926
0	13	85	-1	870926
0	13	86	-1	870926
0	13	87	-1	870926
0	13	88	-1	870926
0	14	89	-1	870926
0	14	90	-1	870926
0	14	91	-1	870926
0	14	92	-1	870926
0	14	93	-1	870926
0	12	94	-1	870926
0	12	95	-1	870926
0	12	96	-1	870926
0	12	97	-1	870926
0	12	98	-1	870926
0	12	99	-1	870926
0	12	100	-1	870926
0	15	101	-1	870926
0	15	102	-1	870926
0	15	103	-1	870926
0	15	104	-1	870926
0	15	105	-1	870926
0	15	106	-1	870926
0	15	107	-1	870926
0	5	108	-1	870926
0	5	109	-1	870926
0	5	110	-1	870926
0	5	111	-1	870926
0	5	112	-1	870926
0	5	113	-1	870926
0	5	114	-1	870926
0	13	115	-1	870926
0	13	116	-1	870926
0	13	117	-1	870926
0	13	118	-1	870926
0	13	119	-1	870926
0	13	120	-1	870926
0	16	121	-1	870926
0	16	122	-1	870926
0	16	123	-1	870926
0	16	124	-1	870926
0	16	125	-1	870926
0	16	126	-1	870926
0	16	127	-1	870926
0	16	128	-1	870926
0	17	129	-1	870926
0	17	130	-1	870926
0	17	131	-1	870926
0	17	132	-1	870926
0	17	133	-1	870926
0	17	134	-1	870926
0	17	135	-1	870926
0	18	136	-1	870926
0	18	137	-1	870926
0	18	138	-1	870926
0	18	139	-1	870926
0	18	140	-1	870926
0	18	141	-1	870926
0	18	142	-1	870926
0	3	143	-1	870926
0	3	144	-1	870926
0	3	145	-1	870926
0	3	146	-1	870926
0	19	147	-1	870926
0	19	148	-1	870926
0	19	149	-1	870926
0	19	150	-1	870926
0	19	151	-1	870926
0	19	152	-1	870926
0	19	153	-1	870926
0	20	154	-1	870926
0	20	155	-1	870926
0	20	156	-1	870926
0	20	157	-1	870926
0	20	158	-1	870926
0	20	159	-1	870926
0	20	160	-1	870926
0	20	161	-1	870926
0	18	162	-1	870926
0	18	163	-1	870926
0	18	164	-1	870926
0	18	165	-1	870926
0	18	166	-1	870926
0	18	167	-1	870926
0	18	168	-1	870926
0	21	169	-1	870926
0	21	170	-1	870926
0	21	171	-1	870926
0	21	172	-1	870926
0	21	173	-1	870926
0	21	174	-1	870926
0	21	175	-1	870926
0	15	176	-1	870926
0	15	177	-1	870926
0	15	178	-1	870926
0	15	179	-1	870926
0	15	180	-1	870926
0	15	181	-1	870926
0	15	182	-1	870926
0	15	183	-1	870926
0	13	184	-1	870926
0	13	185	-1	870926
0	13	186	-1	870926
0	13	187	-1	870926
0	13	188	-1	870926
0	13	189	-1	870926
0	19	190	-1	870926
0	19	191	-1	870926
0	19	192	-1	870926
0	19	193	-1	870926
0	19	194	-1	870926
0	19	195	-1	870926
0	13	196	-1	870926
0	13	197	-1	870926
0	13	198	-1	870926
0	13	199	-1	870926
0	19	200	-1	870926
0	19	201	-1	870926
0	19	202	-1	870926
0	19	203	-1	870926
0	22	204	-1	870926
0	22	205	-1	870926
0	22	206	-1	870926
0	22	207	-1	870926
0	22	208	-1	870926
0	22	209	-1	870926
0	22	210	-1	870926
0	23	211	-1	870926
0	23	212	-1	870926
0	23	213	-1	870926
0	23	214	-1	870926
0	23	215	-1	870926
0	23	216	-1	870926
0	23	217	-1	870926
0	0	218	-1	870926
0	0	219	-1	870926
0	0	220	-1	870926
0	0	221	-1	870926
0	22	222	-1	870926
0	22	223	-1	870926
0	22	224	-1	870926
0	22	225	-1	870926
0	22	226	-1	870926
0	22	227	-1	870926
0	22	228	-1	870926
0	24	229	-1	870926
0	24	230	-1	870926
0	24	231	-1	870926
0	24	232	-1	870926
0	24	233	-1	870926
0	4	234	-1	870926
0	4	235	-1	870926
0	4	236	-1	870926
0	4	237	-1	870926
0	4	238	-1	870926
0	4	239	-1	870926
0	4	240	-1	870926
0	4	241	-1	870926
0	25	242	-1	870926
0	25	243	-1	870926
0	22	244	-1	870926
0	22	245	-1	870926
0	22	246	-1	870926
0	22	247	-1	870926
0	22	248	-1	870926
0	22	249	-1	870926
0	22	250	-1	870926
0	26	251	-1	870926
0	26	252	-1	870926
0	26	253	-1	870926
0	26	254	-1	870926
0	26	255	-1	870926
0	26	256	-1	870926
0	26	257	-1	870926
0	27	266	-1	870926
0	27	267	-1	870926
0	27	268	-1	870926
0	27	269	-1	870926
0	27	270	-1	870926
0	27	271	-1	870926
0	27	272	-1	870926
0	27	273	-1	870926
0	3	274	-1	870926
0	3	275	-1	870926
0	3	276	-1	870926
0	3	277	-1	870926
0	3	278	-1	870926
0	3	279	-1	870926
0	28	280	-1	870926
0	28	281	-1	870926
0	28	282	-1	870926
0	28	283	-1	870926
0	28	284	-1	870926
0	28	285	-1	870926
0	28	286	-1	870926
0	29	287	-1	870926
0	29	288	-1	870926
0	29	289	-1	870926
0	29	290	-1	870926
0	29	291	-1	870926
0	29	292	-1	870926
0	29	293	-1	870926
0	30	294	-1	870926
0	30	295	-1	870926
0	30	296	-1	870926
0	30	297	-1	870926
0	30	298	-1	870926
1	31	4	-1	870926
1	31	5	-1	870926
1	31	6	-1	870926
1	31	7	-1	870926
1	31	8	-1	870926
1	31	9	-1	870926
1	27	10	-1	870926
1	27	11	-1	870926
1	27	12	-1	870926
1	27	13	-1	870926
1	27	14	-1	870926
1	30	15	-1	870926
1	30	16	-1	870926
1	30	17	-1	870926
1	30	18	-1	870926
1	30	19	-1	870926
1	30	20	-1	870926
1	29	31	-1	870926
1	29	32	-1	870926
1	29	33	-1	870926
1	29	34	-1	870926
1	29	35	-1	870926
1	29	36	-1	870926
1	3	37	-1	870926
1	3	38	-1	870926
1	3	39	-1	870926
1	3	40	-1	870926
1	3	41	-1	870926
1	3	42	-1	870926
1	32	43	-1	870926
1	32	44	-1	870926
1	32	45	-1	870926
1	32	46	-1	870926
1	32	47	-1	870926
1	32	48	-1	870926
1	32	49	-1	870926
1	29	53	-1	870926
1	10	59	-1	870926
1	10	60	-1	870926
1	33	73	-1	870926
1	33	74	-1	870926
1	33	75	-1	870926
1	33	76	-1	870926
1	33	77	-1	870926
1	33	78	-1	870926
1	17	79	-1	870926
2	2	1	-1	870926
2	2	2	-1	870926
2	2	3	-1	870926
2	2	4	-1	870926
2	2	5	-1	870926
2	2	6	-1	870926
2	2	7	-1	870926
2	2	8	-1	870926
2	2	9	-1	870926
2	2	10	-1	870926
2	2	11	-1	870926
2	2	12	-1	870926
2	34	13	-1	870926
2	34	14	-1	870926
2	34	15	-1	870926
2	34	16	-1	870926
2	34	17	-1	870926
2	34	18	-1	870926
2	34	19	-1	870926
2	34	20	-1	870926
2	34	21	-1	870926
2	34	22	-1	870926
2	34	23	-1	870926
2	34	24	-1	870926
2	34	25	-1	870926
2	34	26	-1	870926
2	34	27	-1	870926
2	34	28	-1	870926
2	34	29	-1	870926
2	34	30	-1	870926
2	35	31	-1	870926
2	35	32	-1	870926
2	35	33	-1	870926
2	35	34	-1	870926
2	35	35	-1	870926
2	36	36	-1	870926
2	36	37	-1	870926
2	36	38	-1	870926
2	36	39	-1	870926
2	36	40	-1	870926
2	36	41	-1	870926
2	8	42	-1	870926
2	8	43	-1	870926
2	8	44	-1	870926
2	8	45	-1	870926
2	5	46	-1	870926
2	5	47	-1	870926
2	5	48	-1	870926
2	5	49	-1	870926
2	5	50	-1	870926
2	10	51	-1	870926
2	10	52	-1	870926
2	10	53	-1	870926
2	10	54	-1	870926
2	5	55	-1	870926
2	5	56	-1	870926
2	5	57	-1	870926
2	5	58	-1	870926
2	5	59	-1	870926
2	2	60	-1	870926
2	2	61	-1	870926
2	2	62	-1	870926
2	14	63	-1	870926
2	30	64	-1	870926
2	30	65	-1	870926
2	30	66	-1	870926
2	30	67	-1	870926
2	30	68	-1	870926
2	2	69	-1	870926
2	2	70	-1	870926
2	2	71	-1	870926
2	2	72	-1	870926
2	2	73	-1	870926
2	2	74	-1	870926
2	2	75	-1	870926
2	2	76	-1	870926
2	2	77	-1	870926
2	2	78	-1	870926
2	2	79	-1	870926
2	2	80	-1	870926
2	2	81	-1	870926
2	19	82	-1	870926
2	19	83	-1	870926
2	19	84	-1	870926
2	19	85	-1	870926
2	19	86	-1	870926
2	37	87	-1	870926
2	37	88	-1	870926
2	37	89	-1	870926
2	37	90	-1	870926
2	37	91	-1	870926
2	37	92	-1	870926
2	31	93	-1	870926
2	31	94	-1	870926
2	5	95	-1	870926
2	5	96	-1	870926
2	5	97	-1	870926
2	5	98	-1	870926
2	28	99	-1	870926
2	28	100	-1	870926
2	28	101	-1	870926
2	27	102	-1	870926
2	27	103	-1	870926
2	27	104	-1	870926
2	27	105	-1	870926
2	27	106	-1	870926
2	19	107	-1	870926
2	19	108	-1	870926
2	19	109	-1	870926
2	19	110	-1	870926
2	19	111	-1	870926
2	8	112	-1	870926
2	8	113	-1	870926
2	8	114	-1	870926
2	8	115	-1	870926
2	8	116	-1	870926
2	8	117	-1	870926
2	8	118	-1	870926
2	8	119	-1	870926
2	8	120	-1	870926
2	8	121	-1	870926
2	8	122	-1	870926
2	8	123	-1	870926
2	38	124	-1	870926
2	38	125	-1	870926
2	38	126	-1	870926
2	38	127	-1	870926
2	38	128	-1	870926
2	39	129	-1	870926
2	39	130	-1	870926
2	39	131	-1	870926
2	39	132	-1	870926
2	39	133	-1	870926
2	40	134	-1	870926
2	40	135	-1	870926
2	40	136	-1	870926
2	40	137	-1	870926
2	40	138	-1	870926
2	40	139	-1	870926
2	40	140	-1	870926
2	40	141	-1	870926
2	40	142	-1	870926
2	41	143	-1	870926
2	41	144	-1	870926
2	41	145	-1	870926
2	41	146	-1	870926
2	41	147	-1	870926
2	41	148	-1	870926
2	41	149	-1	870926
2	41	150	-1	870926
2	41	151	-1	870926
2	17	152	-1	870926
2	17	153	-1	870926
2	39	154	-1	870926
2	39	155	-1	870926
2	39	156	-1	870926
2	39	157	-1	870926
2	39	158	-1	870926
2	39	159	-1	870926
2	39	160	-1	870926
2	5	165	-1	870926
2	5	166	-1	870926
2	5	167	-1	870926
2	5	168	-1	870926
2	5	169	-1	870926
2	5	170	-1	870926
2	5	171	-1	870926
2	5	172	-1	870926
2	42	181	-1	870926
2	42	182	-1	870926
2	42	183	-1	870926
2	42	184	-1	870926
2	42	185	-1	870926
2	22	186	-1	870926
2	22	187	-1	870926
2	22	188	-1	870926
2	22	189	-1	870926
2	22	190	-1	870926
2	43	204	-1	870926
2	43	205	-1	870926
2	43	206	-1	870926
2	43	207	-1	870926
3	38	1	-1	870926
3	38	2	-1	870926
3	38	3	-1	870926
3	38	4	-1	870926
3	38	5	-1	870926
3	38	6	-1	870926
3	38	7	-1	870926
3	26	8	-1	870926
3	26	9	-1	870926
3	26	10	-1	870926
3	26	11	-1	870926
3	26	12	-1	870926
3	36	13	-1	870926
3	36	14	-1	870926
3	36	15	-1	870926
3	36	16	-1	870926
3	36	17	-1	870926
3	36	18	-1	870926
3	37	19	-1	870926
3	37	20	-1	870926
3	37	21	-1	870926
3	37	22	-1	870926
3	37	23	-1	870926
3	37	24	-1	870926
3	37	25	-1	870926
3	37	26	-1	870926
3	36	27	-1	870926
3	36	28	-1	870926
3	36	29	-1	870926
3	36	30	-1	870926
3	36	31	-1	870926
3	36	32	-1	870926
3	10	33	-1	870926
3	10	34	-1	870926
3	10	35	-1	870926
3	10	36	-1	870926
3	10	37	-1	870926
3	39	38	-1	870926
3	39	39	-1	870926
3	39	40	-1	870926
3	39	41	-1	870926
3	39	42	-1	870926
3	44	43	-1	870926
3	44	44	-1	870926
3	36	45	-1	870926
3	36	46	-1	870926
3	36	47	-1	870926
3	36	48	-1	870926
3	45	49	-1	870926
3	45	50	-1	870926
3	38	51	-1	870926
3	38	52	-1	870926
3	38	53	-1	870926
3	38	54	-1	870926
3	29	55	-1	870926
3	29	56	-1	870926
3	29	57	-1	870926
3	38	58	-1	870926
3	38	59	-1	870926
3	38	60	-1	870926
3	38	61	-1	870926
3	30	62	-1	870926
3	30	63	-1	870926
3	30	64	-1	870926
3	30	65	-1	870926
3	30	66	-1	870926
3	45	67	-1	870926
3	45	68	-1	870926
3	45	69	-1	870926
3	45	70	-1	870926
3	45	71	-1	870926
3	45	72	-1	870926
3	45	73	-1	870926
3	11	74	-1	870926
3	11	75	-1	870926
3	11	76	-1	870926
3	11	77	-1	870926
3	11	78	-1	870926
3	11	79	-1	870926
3	11	80	-1	870926
3	11	81	-1	870926
3	11	82	-1	870926
3	26	83	-1	870926
3	26	84	-1	870926
3	26	85	-1	870926
3	26	86	-1	870926
3	26	87	-1	870926
3	26	88	-1	870926
3	29	89	-1	870926
3	29	90	-1	870926
3	29	91	-1	870926
3	29	92	-1	870926
3	29	93	-1	870926
3	37	94	-1	870926
3	37	95	-1	870926
3	37	96	-1	870926
3	37	97	-1	870926
3	37	98	-1	870926
3	30	99	-1	870926
3	30	100	-1	870926
3	30	101	-1	870926
3	30	102	-1	870926
3	44	103	-1	870926
3	44	104	-1	870926
3	44	105	-1	870926
3	44	106	-1	870926
3	37	107	-1	870926
3	37	108	-1	870926
3	37	109	-1	870926
3	37	110	-1	870926
3	37	111	-1	870926
3	44	112	-1	870926
3	44	113	-1	870926
3	44	114	-1	870926
3	2	115	-1	870926
3	2	116	-1	870926
3	2	117	-1	870926
3	2	118	-1	870926
3	2	119	-1	870926
3	2	120	-1	870926
3	2	121	-1	870926
3	2	122	-1	870926
3	2	123	-1	870926
3	2	124	-1	870926
3	41	125	-1	870926
3	41	126	-1	870926
3	20	127	-1	870926
3	20	128	-1	870926
3	20	129	-1	870926
3	20	130	-1	870926
3	20	131	-1	870926
3	20	132	-1	870926
3	20	133	-1	870926
3	44	134	-1	870926
3	44	135	-1	870926
3	44	136	-1	870926
3	44	137	-1	870926
3	44	138	-1	870926
3	44	139	-1	870926
3	19	140	-1	870926
3	19	141	-1	870926
3	19	142	-1	870926
3	19	143	-1	870926
3	19	144	-1	870926
3	19	145	-1	870926
3	19	146	-1	870926
3	29	147	-1	870926
3	29	148	-1	870926
3	29	149	-1	870926
3	29	150	-1	870926
3	29	151	-1	870926
3	29	152	-1	870926
3	29	153	-1	870926
3	35	154	-1	870926
3	35	155	-1	870926
3	35	156	-1	870926
3	35	157	-1	870926
3	41	158	-1	870926
3	41	159	-1	870926
3	41	160	-1	870926
3	41	161	-1	870926
3	41	162	-1	870926
3	41	163	-1	870926
3	41	164	-1	870926
3	41	165	-1	870926
3	41	166	-1	870926
3	41	167	-1	870926
3	38	168	-1	870926
3	38	169	-1	870926
3	38	170	-1	870926
3	38	171	-1	870926
3	38	172	-1	870926
3	38	173	-1	870926
3	35	174	-1	870926
3	35	175	-1	870926
3	35	176	-1	870926
3	35	177	-1	870926
3	35	178	-1	870926
3	45	179	-1	870926
3	45	180	-1	870926
3	45	181	-1	870926
3	45	182	-1	870926
3	45	183	-1	870926
3	21	184	-1	870926
3	21	185	-1	870926
3	21	186	-1	870926
3	21	187	-1	870926
3	21	188	-1	870926
3	35	189	-1	870926
3	35	190	-1	870926
3	35	191	-1	870926
3	35	192	-1	870926
3	16	193	-1	870926
3	16	194	-1	870926
3	16	195	-1	870926
3	16	196	-1	870926
3	35	197	-1	870926
3	35	198	-1	870926
3	35	199	-1	870926
3	35	200	-1	870926
3	35	201	-1	870926
3	35	202	-1	870926
3	19	203	-1	870926
3	19	204	-1	870926
3	19	205	-1	870926
3	19	206	-1	870926
3	19	207	-1	870926
3	19	208	-1	870926
3	30	209	-1	870926
3	30	210	-1	870926
3	30	211	-1	870926
3	30	212	-1	870926
3	30	213	-1	870926
3	30	214	-1	870926
3	36	215	-1	870926
3	36	216	-1	870926
3	36	217	-1	870926
3	36	218	-1	870926
3	36	219	-1	870926
3	40	220	-1	870926
3	40	221	-1	870926
3	40	222	-1	870926
3	40	223	-1	870926
3	17	224	-1	870926
3	17	225	-1	870926
3	17	226	-1	870926
3	17	227	-1	870926
3	17	228	-1	870926
3	17	229	-1	870926
3	32	230	-1	870926
3	32	231	-1	870926
3	32	232	-1	870926
3	32	233	-1	870926
3	32	234	-1	870926
3	32	235	-1	870926
3	32	236	-1	870926
3	32	237	-1	870926
3	23	238	-1	870926
3	23	239	-1	870926
3	23	240	-1	870926
3	37	245	-1	870926
3	37	246	-1	870926
3	37	247	-1	870926
3	37	248	-1	870926
3	37	249	-1	870926
3	37	250	-1	870926
3	35	251	-1	870926
3	35	252	-1	870926
3	35	253	-1	870926
3	19	254	-1	870926
3	19	255	-1	870926
3	19	256	-1	870926
3	19	257	-1	870926
3	17	258	-1	870926
3	17	259	-1	870926
3	17	260	-1	870926
3	17	261	-1	870926
3	17	262	-1	870926
3	17	263	-1	870926
3	17	264	-1	870926
3	41	265	-1	870926
3	41	266	-1	870926
3	41	267	-1	870926
3	41	268	-1	870926
3	41	269	-1	870926
3	41	270	-1	870926
4	0	1	-1	870926
4	0	2	-1	870926
4	0	3	-1	870926
4	0	4	-1	870926
4	0	5	-1	870926
4	7	6	-1	870926
4	7	7	-1	870926
4	7	8	-1	870926
4	7	9	-1	870926
4	7	10	-1	870926
4	7	11	-1	870926
4	7	12	-1	870926
4	7	13	-1	870926
4	46	14	-1	870926
4	46	15	-1	870926
4	46	16	-1	870926
4	46	17	-1	870926
4	46	18	-1	870926
4	46	19	-1	870926
4	10	20	-1	870926
4	10	21	-1	870926
4	10	22	-1	870926
4	15	48	-1	870926
4	15	49	-1	870926
4	15	50	-1	870926
4	15	51	-1	870926
4	15	52	-1	870926
4	3	53	-1	870926
4	3	54	-1	870926
4	3	55	-1	870926
4	3	56	-1	870926
4	3	57	-1	870926
4	3	58	-1	870926
4	10	59	-1	870926
4	10	60	-1	870926
4	10	61	-1	870926
4	10	62	-1	870926
4	10	63	-1	870926
4	10	64	-1	870926
4	20	65	-1	870926
4	20	66	-1	870926
4	20	67	-1	870926
4	20	68	-1	870926
4	21	69	-1	870926
4	21	70	-1	870926
4	21	71	-1	870926
4	21	72	-1	870926
4	21	73	-1	870926
4	27	74	-1	870926
4	27	75	-1	870926
4	27	76	-1	870926
4	27	77	-1	870926
4	27	78	-1	870926
4	27	79	-1	870926
4	27	80	-1	870926
4	27	81	-1	870926
4	13	82	-1	870926
4	13	83	-1	870926
4	13	84	-1	870926
4	13	85	-1	870926
4	13	86	-1	870926
4	46	87	-1	870926
4	46	88	-1	870926
4	46	89	-1	870926
4	27	90	-1	870926
4	27	91	-1	870926
4	27	92	-1	870926
4	27	93	-1	870926
4	44	94	-1	870926
4	44	95	-1	870926
4	44	96	-1	870926
4	44	97	-1	870926
4	44	98	-1	870926
4	44	99	-1	870926
4	47	100	-1	870926
4	47	101	-1	870926
4	47	102	-1	870926
4	47	103	-1	870926
4	47	104	-1	870926
4	27	105	-1	870926
4	27	106	-1	870926
4	27	107	-1	870926
4	27	108	-1	870926
4	27	109	-1	870926
4	33	116	-1	870926
4	3	119	-1	870926
4	3	120	-1	870926
4	3	121	-1	870926
4	3	122	-1	870926
4	3	123	-1	870926
4	3	124	-1	870926
4	3	125	-1	870926
5	47	1	-1	870926
5	47	2	-1	870926
5	47	3	-1	870926
5	47	4	-1	870926
5	47	5	-1	870926
5	47	6	-1	870926
5	47	7	-1	870926
5	47	8	-1	870926
5	47	9	-1	870926
5	47	10	-1	870926
5	3	11	-1	870926
5	3	12	-1	870926
5	3	13	-1	870926
5	3	14	-1	870926
5	3	15	-1	870926
5	3	16	-1	870926
5	3	17	-1	870926
5	3	18	-1	870926
5	3	19	-1	870926
5	3	20	-1	870926
5	3	21	-1	870926
5	6	22	-1	870926
5	6	23	-1	870926
5	6	24	-1	870926
5	6	25	-1	870926
5	6	26	-1	870926
5	6	27	-1	870926
5	31	28	-1	870926
5	31	29	-1	870926
5	31	30	-1	870926
5	6	31	-1	870926
5	6	32	-1	870926
5	6	33	-1	870926
5	6	34	-1	870926
5	6	35	-1	870926
5	6	36	-1	870926
5	45	37	-1	870926
5	45	38	-1	870926
5	29	39	-1	870926
5	29	40	-1	870926
5	29	41	-1	870926
5	29	42	-1	870926
5	29	43	-1	870926
5	29	44	-1	870926
5	29	45	-1	870926
5	29	46	-1	870926
5	29	47	-1	870926
5	48	48	-1	870926
5	48	49	-1	870926
5	48	50	-1	870926
5	48	51	-1	870926
5	48	52	-1	870926
5	48	53	-1	870926
5	23	54	-1	870926
5	23	55	-1	870926
5	23	56	-1	870926
5	23	57	-1	870926
5	23	58	-1	870926
5	23	59	-1	870926
5	23	60	-1	870926
5	23	61	-1	870926
5	23	62	-1	870926
5	2	63	-1	870926
5	2	64	-1	870926
5	2	65	-1	870926
5	45	66	-1	870926
5	45	67	-1	870926
5	45	68	-1	870926
5	45	69	-1	870926
5	45	70	-1	870926
5	46	71	-1	870926
5	46	72	-1	870926
5	12	73	-1	870926
5	12	74	-1	870926
5	12	75	-1	870926
5	12	76	-1	870926
5	12	77	-1	870926
5	12	78	-1	870926
5	4	79	-1	870926
5	4	80	-1	870926
5	4	81	-1	870926
5	49	82	-1	870926
5	49	83	-1	870926
5	49	84	-1	870926
5	49	85	-1	870926
5	49	86	-1	870926
5	49	87	-1	870926
5	49	88	-1	870926
5	38	89	-1	870926
5	38	90	-1	870926
5	38	91	-1	870926
5	38	92	-1	870926
5	38	93	-1	870926
5	3	94	-1	870926
5	3	95	-1	870926
5	3	96	-1	870926
5	3	97	-1	870926
5	10	98	-1	870926
5	10	99	-1	870926
5	10	100	-1	870926
5	10	101	-1	870926
5	10	102	-1	870926
5	14	103	-1	870926
5	14	104	-1	870926
5	14	105	-1	870926
5	14	106	-1	870926
5	14	107	-1	870926
5	14	108	-1	870926
5	49	109	-1	870926
5	49	110	-1	870926
5	49	111	-1	870926
5	49	112	-1	870926
5	49	113	-1	870926
5	49	114	-1	870926
5	49	115	-1	870926
5	49	116	-1	870926
5	49	117	-1	870926
5	49	118	-1	870926
5	49	119	-1	870926
5	49	120	-1	870926
5	49	121	-1	870926
5	49	122	-1	870926
5	49	123	-1	870926
5	49	124	-1	870926
5	5	125	-1	870926
5	5	126	-1	870926
5	5	127	-1	870926
5	5	128	-1	870926
5	5	129	-1	870926
5	5	130	-1	870926
5	39	131	-1	870926
5	39	132	-1	870926
5	39	133	-1	870926
5	39	134	-1	870926
5	39	135	-1	870926
5	48	141	-1	870926
5	48	142	-1	870926
5	48	143	-1	870926
5	48	144	-1	870926
5	48	145	-1	870926
5	48	146	-1	870926
5	48	147	-1	870926
5	48	148	-1	870926
5	48	149	-1	870926
5	48	150	-1	870926
5	48	151	-1	870926
5	4	152	-1	870926
5	4	153	-1	870926
5	4	154	-1	870926
5	4	155	-1	870926
5	4	156	-1	870926
5	4	157	-1	870926
5	41	185	-1	870926
5	41	186	-1	870926
5	41	187	-1	870926
5	41	188	-1	870926
5	41	189	-1	870926
5	41	190	-1	870926
5	24	191	-1	870926
5	24	192	-1	870926
5	24	193	-1	870926
5	24	194	-1	870926
5	24	195	-1	870926
5	24	196	-1	870926
5	24	197	-1	870926
5	24	198	-1	870926
5	24	199	-1	870926
5	24	200	-1	870926
5	24	201	-1	870926
5	22	202	-1	870926
5	22	203	-1	870926
5	22	204	-1	870926
5	22	205	-1	870926
5	22	206	-1	870926
5	35	214	-1	870926
5	35	215	-1	870926
5	35	216	-1	870926
5	19	217	-1	870926
5	19	218	-1	870926
5	19	219	-1	870926
5	19	220	-1	870926
5	19	221	-1	870926
5	40	235	-1	870926
5	40	236	-1	870926
5	40	237	-1	870926
5	40	238	-1	870926
6	45	1	-1	870926
6	45	2	-1	870926
6	45	3	-1	870926
6	45	4	-1	870926
6	45	5	-1	870926
6	50	6	-1	870926
6	50	7	-1	870926
6	50	8	-1	870926
6	50	9	-1	870926
6	50	10	-1	870926
6	45	11	-1	870926
6	45	12	-1	870926
6	45	13	-1	870926
6	45	14	-1	870926
6	45	15	-1	870926
6	45	16	-1	870926
6	45	17	-1	870926
6	51	18	-1	870926
6	51	19	-1	870926
6	51	20	-1	870926
6	51	21	-1	870926
6	51	22	-1	870926
6	51	23	-1	870926
6	29	24	-1	870926
6	29	25	-1	870926
6	29	26	-1	870926
6	29	27	-1	870926
6	31	28	-1	870926
6	31	29	-1	870926
6	31	30	-1	870926
6	31	31	-1	870926
6	31	32	-1	870926
6	35	33	-1	870926
6	35	34	-1	870926
6	35	35	-1	870926
6	35	36	-1	870926
6	35	37	-1	870926
6	35	38	-1	870926
6	35	39	-1	870926
6	35	40	-1	870926
6	35	41	-1	870926
6	3	42	-1	870926
6	3	43	-1	870926
6	3	44	-1	870926
6	3	45	-1	870926
6	3	46	-1	870926
6	29	47	-1	870926
6	29	48	-1	870926
6	29	49	-1	870926
6	29	50	-1	870926
6	29	51	-1	870926
6	29	52	-1	870926
6	29	53	-1	870926
6	31	54	-1	870926
6	31	55	-1	870926
6	31	56	-1	870926
6	31	57	-1	870926
6	31	58	-1	870926
6	49	59	-1	870926
6	49	60	-1	870926
6	49	61	-1	870926
6	49	62	-1	870926
6	31	63	-1	870926
6	31	64	-1	870926
6	31	65	-1	870926
6	31	66	-1	870926
6	35	67	-1	870926
6	35	68	-1	870926
6	51	69	-1	870926
6	51	70	-1	870926
6	51	71	-1	870926
6	51	72	-1	870926
6	51	73	-1	870926
6	51	74	-1	870926
6	51	75	-1	870926
6	51	76	-1	870926
6	51	77	-1	870926
6	51	78	-1	870926
6	51	79	-1	870926
6	51	80	-1	870926
6	8	81	-1	870926
6	8	82	-1	870926
6	8	83	-1	870926
6	8	84	-1	870926
6	8	85	-1	870926
6	8	86	-1	870926
6	11	87	-1	870926
6	11	88	-1	870926
6	11	89	-1	870926
6	11	90	-1	870926
6	23	91	-1	870926
6	23	92	-1	870926
6	23	93	-1	870926
6	29	94	-1	870926
6	29	95	-1	870926
6	29	96	-1	870926
6	29	97	-1	870926
6	29	98	-1	870926
6	29	99	-1	870926
6	29	100	-1	870926
6	38	101	-1	870926
6	38	102	-1	870926
6	38	103	-1	870926
6	38	104	-1	870926
6	38	105	-1	870926
6	38	106	-1	870926
6	38	107	-1	870926
6	38	108	-1	870926
6	38	109	-1	870926
6	38	110	-1	870926
6	38	111	-1	870926
6	30	112	-1	870926
6	30	113	-1	870926
6	30	114	-1	870926
6	30	115	-1	870926
6	3	116	-1	870926
6	3	117	-1	870926
6	3	118	-1	870926
6	3	119	-1	870926
6	3	120	-1	870926
6	3	121	-1	870926
6	3	122	-1	870926
6	11	123	-1	870926
6	11	124	-1	870926
6	11	125	-1	870926
6	11	126	-1	870926
6	11	127	-1	870926
6	11	128	-1	870926
6	11	129	-1	870926
6	11	130	-1	870926
6	11	131	-1	870926
6	52	132	-1	870926
6	52	133	-1	870926
6	52	134	-1	870926
6	52	135	-1	870926
6	52	136	-1	870926
6	52	137	-1	870926
6	24	138	-1	870926
6	24	139	-1	870926
6	24	140	-1	870926
6	24	141	-1	870926
6	24	142	-1	870926
6	24	143	-1	870926
6	18	144	-1	870926
6	18	145	-1	870926
6	18	146	-1	870926
6	18	147	-1	870926
6	18	148	-1	870926
6	18	149	-1	870926
6	18	150	-1	870926
6	23	151	-1	870926
6	23	152	-1	870926
6	23	153	-1	870926
6	23	154	-1	870926
6	23	155	-1	870926
6	23	156	-1	870926
6	23	157	-1	870926
6	23	158	-1	870926
6	23	159	-1	870926
6	23	160	-1	870926
6	11	161	-1	870926
6	11	162	-1	870926
6	11	163	-1	870926
6	11	164	-1	870926
6	11	165	-1	870926
6	12	166	-1	870926
6	12	167	-1	870926
6	12	168	-1	870926
6	12	169	-1	870926
6	12	170	-1	870926
6	12	171	-1	870926
6	12	172	-1	870926
6	12	173	-1	870926
6	40	174	-1	870926
6	40	175	-1	870926
6	40	176	-1	870926
6	40	177	-1	870926
6	40	178	-1	870926
6	40	179	-1	870926
6	32	180	-1	870926
6	32	181	-1	870926
6	32	182	-1	870926
6	32	183	-1	870926
6	32	184	-1	870926
6	32	185	-1	870926
6	32	186	-1	870926
6	32	187	-1	870926
6	53	188	-1	870926
6	53	189	-1	870926
6	53	190	-1	870926
6	53	191	-1	870926
6	53	192	-1	870926
6	53	193	-1	870926
6	42	194	-1	870926
6	42	195	-1	870926
6	42	196	-1	870926
6	42	197	-1	870926
6	42	198	-1	870926
6	42	199	-1	870926
6	42	200	-1	870926
6	12	206	-1	870926
6	12	207	-1	870926
6	12	208	-1	870926
6	12	209	-1	870926
6	12	210	-1	870926
6	12	211	-1	870926
6	12	212	-1	870926
6	12	213	-1	870926
6	12	214	-1	870926
6	52	215	-1	870926
6	52	216	-1	870926
6	52	217	-1	870926
6	52	218	-1	870926
6	52	219	-1	870926
6	12	220	-1	870926
6	12	221	-1	870926
6	12	222	-1	870926
6	12	223	-1	870926
6	12	224	-1	870926
6	12	225	-1	870926
6	12	226	-1	870926
6	12	227	-1	870926
6	37	228	-1	870926
6	37	229	-1	870926
6	37	230	-1	870926
6	37	231	-1	870926
6	37	232	-1	870926
6	37	233	-1	870926
6	37	234	-1	870926
6	37	235	-1	870926
6	37	236	-1	870926
6	16	237	-1	870926
6	16	238	-1	870926
6	16	239	-1	870926
6	30	240	-1	870926
6	30	241	-1	870926
6	30	242	-1	870926
6	30	243	-1	870926
6	30	244	-1	870926
6	30	245	-1	870926
6	54	246	-1	870926
6	54	247	-1	870926
6	54	248	-1	870926
6	54	249	-1	870926
6	29	250	-1	870926
6	29	251	-1	870926
6	29	252	-1	870926
6	29	253	-1	870926
6	29	254	-1	870926
6	29	255	-1	870926
6	3	256	-1	870926
6	3	257	-1	870926
6	3	258	-1	870926
6	3	259	-1	870926
6	3	260	-1	870926
6	55	261	-1	870926
6	55	262	-1	870926
6	55	263	-1	870926
6	55	264	-1	870926
6	55	265	-1	870926
6	55	266	-1	870926
6	19	272	-1	870926
6	19	273	-1	870926
6	19	274	-1	870926
6	23	279	-1	870926
6	23	280	-1	870926
6	23	281	-1	870926
6	23	282	-1	870926
6	19	283	-1	870926
6	19	284	-1	870926
6	19	285	-1	870926
6	19	286	-1	870926
6	19	287	-1	870926
6	19	288	-1	870926
6	19	289	-1	870926
7	23	1	-1	870926
7	23	2	-1	870926
7	23	3	-1	870926
7	23	4	-1	870926
7	23	5	-1	870926
7	23	6	-1	870926
7	23	7	-1	870926
7	36	8	-1	870926
7	36	9	-1	870926
7	36	10	-1	870926
7	36	11	-1	870926
7	51	12	-1	870926
7	51	13	-1	870926
7	51	14	-1	870926
7	51	15	-1	870926
7	51	16	-1	870926
7	13	17	-1	870926
7	13	18	-1	870926
7	13	19	-1	870926
7	13	20	-1	870926
7	13	21	-1	870926
7	13	22	-1	870926
7	13	23	-1	870926
7	52	24	-1	870926
7	52	25	-1	870926
7	52	26	-1	870926
7	52	27	-1	870926
7	52	28	-1	870926
7	23	29	-1	870926
7	23	30	-1	870926
7	23	31	-1	870926
7	23	32	-1	870926
7	23	33	-1	870926
7	23	34	-1	870926
7	26	35	-1	870926
7	26	36	-1	870926
7	26	37	-1	870926
7	26	38	-1	870926
7	26	39	-1	870926
7	50	40	-1	870926
7	50	41	-1	870926
7	50	42	-1	870926
7	49	43	-1	870926
7	49	44	-1	870926
7	49	45	-1	870926
7	49	46	-1	870926
7	49	47	-1	870926
7	49	48	-1	870926
7	24	55	-1	870926
7	24	56	-1	870926
7	24	57	-1	870926
7	24	58	-1	870926
7	8	59	-1	870926
7	8	60	-1	870926
7	8	61	-1	870926
7	20	75	-1	870926
7	20	76	-1	870926
7	20	77	-1	870926
7	20	78	-1	870926
7	20	79	-1	870926
7	8	80	-1	870926
7	8	81	-1	870926
7	8	82	-1	870926
7	8	83	-1	870926
7	8	84	-1	870926
7	40	85	-1	870926
7	40	86	-1	870926
7	40	87	-1	870926
7	40	88	-1	870926
7	40	89	-1	870926
7	40	90	-1	870926
7	8	99	-1	870926
7	8	100	-1	870926
7	8	101	-1	870926
7	8	102	-1	870926
7	8	103	-1	870926
7	19	132	-1	870926
7	19	133	-1	870926
7	19	134	-1	870926
7	28	135	-1	870926
7	28	136	-1	870926
7	28	137	-1	870926
7	28	138	-1	870926
7	56	153	-1	870926
7	56	154	-1	870926
7	56	155	-1	870926
7	56	156	-1	870926
7	56	157	-1	870926
7	56	158	-1	870926
7	52	159	-1	870926
7	52	160	-1	870926
7	52	161	-1	870926
7	52	162	-1	870926
7	0	164	-1	870926
7	0	165	-1	870926
7	0	166	-1	870926
7	0	167	-1	870926
7	0	168	-1	870926
7	8	169	-1	870926
7	8	170	-1	870926
7	8	171	-1	870926
7	8	172	-1	870926
7	8	173	-1	870926
8	28	1	-1	870926
8	28	2	-1	870926
8	28	3	-1	870926
8	28	4	-1	870926
8	28	5	-1	870926
8	28	6	-1	870926
8	28	7	-1	870926
8	28	8	-1	870926
8	28	9	-1	870926
8	31	10	-1	870926
8	31	11	-1	870926
8	31	12	-1	870926
8	31	13	-1	870926
8	31	14	-1	870926
8	31	15	-1	870926
8	27	16	-1	870926
8	27	17	-1	870926
8	27	18	-1	870926
8	27	19	-1	870926
8	27	20	-1	870926
8	46	21	-1	870926
8	46	22	-1	870926
8	46	23	-1	870926
8	46	24	-1	870926
8	46	25	-1	870926
8	47	26	-1	870926
8	47	27	-1	870926
8	47	28	-1	870926
8	47	29	-1	870926
8	27	30	-1	870926
8	27	31	-1	870926
8	27	32	-1	870926
8	27	33	-1	870926
8	3	34	-1	870926
8	3	35	-1	870926
8	3	36	-1	870926
8	3	37	-1	870926
8	4	38	-1	870926
8	4	39	-1	870926
8	4	40	-1	870926
8	4	41	-1	870926
8	13	42	-1	870926
8	13	43	-1	870926
8	13	44	-1	870926
8	13	45	-1	870926
8	13	46	-1	870926
8	13	47	-1	870926
8	39	48	-1	870926
8	39	49	-1	870926
8	39	50	-1	870926
8	39	51	-1	870926
8	39	52	-1	870926
8	39	53	-1	870926
8	49	54	-1	870926
8	49	55	-1	870926
8	49	56	-1	870926
8	49	57	-1	870926
8	49	58	-1	870926
8	3	59	-1	870926
8	3	60	-1	870926
8	3	61	-1	870926
8	3	62	-1	870926
8	12	63	-1	870926
8	12	64	-1	870926
8	12	65	-1	870926
8	12	66	-1	870926
8	12	67	-1	870926
8	12	68	-1	870926
8	12	69	-1	870926
8	29	70	-1	870926
8	29	71	-1	870926
8	29	72	-1	870926
8	29	73	-1	870926
8	29	74	-1	870926
8	29	75	-1	870926
8	29	76	-1	870926
8	29	77	-1	870926
8	6	78	-1	870926
8	6	79	-1	870926
8	6	80	-1	870926
8	6	81	-1	870926
8	6	82	-1	870926
8	12	83	-1	870926
8	12	84	-1	870926
8	12	85	-1	870926
8	12	86	-1	870926
8	12	87	-1	870926
8	12	88	-1	870926
8	12	89	-1	870926
8	12	90	-1	870926
8	31	91	-1	870926
8	31	92	-1	870926
8	31	93	-1	870926
8	31	94	-1	870926
8	31	95	-1	870926
8	19	96	-1	870926
8	19	97	-1	870926
8	19	98	-1	870926
8	19	99	-1	870926
8	19	100	-1	870926
8	19	101	-1	870926
8	2	102	-1	870926
8	2	103	-1	870926
8	2	104	-1	870926
8	2	105	-1	870926
8	2	106	-1	870926
8	2	107	-1	870926
8	57	108	-1	870926
8	57	109	-1	870926
8	57	110	-1	870926
8	57	111	-1	870926
8	31	112	-1	870926
8	31	113	-1	870926
8	31	114	-1	870926
8	31	115	-1	870926
8	31	116	-1	870926
8	31	117	-1	870926
8	31	118	-1	870926
8	8	119	-1	870926
8	8	120	-1	870926
8	8	121	-1	870926
8	8	122	-1	870926
8	8	123	-1	870926
8	8	124	-1	870926
8	8	125	-1	870926
8	8	126	-1	870926
8	8	127	-1	870926
8	8	128	-1	870926
8	28	129	-1	870926
8	28	130	-1	870926
8	28	131	-1	870926
8	28	132	-1	870926
8	28	133	-1	870926
8	46	134	-1	870926
8	46	135	-1	870926
8	46	136	-1	870926
8	46	137	-1	870926
8	46	138	-1	870926
8	46	139	-1	870926
8	19	140	-1	870926
8	19	141	-1	870926
8	19	142	-1	870926
8	19	143	-1	870926
8	19	144	-1	870926
8	19	145	-1	870926
8	19	146	-1	870926
8	19	147	-1	870926
8	19	148	-1	870926
8	5	149	-1	870926
8	5	150	-1	870926
8	5	151	-1	870926
8	5	152	-1	870926
8	5	153	-1	870926
8	5	154	-1	870926
8	5	155	-1	870926
8	5	156	-1	870926
8	5	157	-1	870926
8	8	158	-1	870926
8	8	159	-1	870926
8	8	160	-1	870926
8	8	161	-1	870926
8	8	162	-1	870926
8	8	163	-1	870926
8	8	164	-1	870926
8	8	165	-1	870926
8	45	166	-1	870926
8	45	167	-1	870926
8	45	168	-1	870926
8	45	169	-1	870926
8	45	170	-1	870926
8	45	171	-1	870926
8	5	172	-1	870926
8	5	173	-1	870926
8	5	174	-1	870926
8	5	175	-1	870926
8	5	176	-1	870926
8	5	177	-1	870926
8	5	178	-1	870926
8	5	179	-1	870926
8	5	180	-1	870926
8	20	181	-1	870926
8	20	182	-1	870926
8	20	183	-1	870926
8	20	184	-1	870926
8	20	185	-1	870926
8	20	186	-1	870926
8	20	187	-1	870926
8	20	188	-1	870926
8	20	189	-1	870926
8	20	190	-1	870926
8	20	191	-1	870926
8	53	192	-1	870926
8	53	193	-1	870926
8	53	194	-1	870926
8	53	195	-1	870926
8	53	196	-1	870926
8	53	197	-1	870926
8	53	198	-1	870926
8	53	199	-1	870926
8	53	200	-1	870926
8	39	201	-1	870926
8	39	202	-1	870926
8	39	203	-1	870926
8	39	204	-1	870926
8	39	205	-1	870926
8	39	206	-1	870926
8	39	207	-1	870926
8	15	208	-1	870926
8	15	209	-1	870926
8	15	210	-1	870926
8	15	211	-1	870926
8	15	212	-1	870926
8	15	213	-1	870926
8	3	214	-1	870926
8	3	215	-1	870926
8	3	216	-1	870926
8	3	217	-1	870926
8	3	218	-1	870926
8	3	219	-1	870926
8	3	220	-1	870926
8	3	221	-1	870926
8	27	222	-1	870926
8	27	223	-1	870926
8	27	224	-1	870926
8	27	225	-1	870926
8	27	226	-1	870926
8	58	227	-1	870926
8	58	228	-1	870926
8	58	229	-1	870926
8	58	230	-1	870926
8	58	231	-1	870926
8	58	232	-1	870926
8	13	236	-1	870926
8	13	237	-1	870926
8	13	238	-1	870926
8	13	239	-1	870926
8	13	240	-1	870926
8	19	241	-1	870926
8	19	242	-1	870926
8	19	243	-1	870926
8	19	244	-1	870926
8	19	245	-1	870926
8	19	246	-1	870926
8	45	247	-1	870926
8	45	248	-1	870926
8	45	249	-1	870926
8	45	250	-1	870926
8	45	251	-1	870926
8	59	252	-1	870926
8	59	253	-1	870926
8	59	254	-1	870926
8	59	255	-1	870926
8	59	256	-1	870926
8	59	257	-1	870926
8	58	258	-1	870926
8	58	259	-1	870926
8	58	260	-1	870926
8	58	261	-1	870926
8	29	262	-1	870926
8	29	263	-1	870926
8	29	264	-1	870926
8	29	265	-1	870926
8	29	266	-1	870926
8	29	267	-1	870926
8	8	268	-1	870926
8	8	269	-1	870926
8	8	270	-1	870926
8	8	271	-1	870926
8	8	272	-1	870926
8	5	273	-1	870926
8	5	274	-1	870926
8	5	275	-1	870926
8	5	276	-1	870926
8	5	277	-1	870926
8	5	278	-1	870926
8	5	279	-1	870926
8	5	280	-1	870926
8	2	281	-1	870926
8	2	282	-1	870926
8	2	283	-1	870926
8	2	284	-1	870926
8	40	290	-1	870926
8	40	291	-1	870926
8	40	292	-1	870926
9	14	1	-1	870926
9	14	2	-1	870926
9	14	3	-1	870926
9	14	4	-1	870926
9	14	5	-1	870926
9	14	6	-1	870926
9	14	7	-1	870926
9	14	8	-1	870926
9	14	9	-1	870926
9	14	10	-1	870926
9	60	11	-1	870926
9	60	12	-1	870926
9	60	13	-1	870926
9	60	14	-1	870926
9	60	15	-1	870926
9	60	16	-1	870926
9	60	17	-1	870926
9	60	18	-1	870926
9	60	19	-1	870926
9	60	20	-1	870926
9	60	21	-1	870926
9	60	22	-1	870926
9	60	23	-1	870926
9	60	24	-1	870926
9	60	25	-1	870926
9	60	26	-1	870926
9	60	27	-1	870926
9	50	28	-1	870926
9	50	29	-1	870926
9	50	30	-1	870926
9	50	31	-1	870926
9	52	32	-1	870926
9	52	33	-1	870926
9	52	34	-1	870926
9	52	35	-1	870926
9	52	36	-1	870926
9	60	37	-1	870926
9	60	38	-1	870926
9	60	39	-1	870926
9	37	40	-1	870926
9	37	41	-1	870926
9	37	42	-1	870926
9	37	43	-1	870926
9	37	44	-1	870926
9	37	45	-1	870926
9	26	46	-1	870926
9	26	47	-1	870926
9	26	48	-1	870926
9	26	49	-1	870926
9	26	50	-1	870926
9	11	51	-1	870926
9	11	52	-1	870926
9	11	53	-1	870926
9	52	54	-1	870926
9	52	55	-1	870926
9	52	56	-1	870926
9	52	57	-1	870926
9	52	58	-1	870926
9	52	59	-1	870926
9	49	60	-1	870926
9	49	61	-1	870926
9	49	62	-1	870926
9	49	63	-1	870926
9	49	64	-1	870926
9	10	65	-1	870926
9	10	66	-1	870926
9	10	67	-1	870926
9	52	68	-1	870926
9	52	69	-1	870926
9	52	70	-1	870926
9	52	71	-1	870926
9	52	72	-1	870926
9	19	73	-1	870926
9	19	74	-1	870926
9	19	75	-1	870926
9	19	76	-1	870926
9	19	77	-1	870926
9	14	78	-1	870926
9	14	79	-1	870926
9	14	80	-1	870926
9	14	81	-1	870926
9	14	82	-1	870926
9	11	83	-1	870926
9	11	84	-1	870926
9	11	85	-1	870926
9	11	86	-1	870926
9	11	87	-1	870926
9	11	88	-1	870926
9	49	89	-1	870926
9	49	90	-1	870926
9	49	91	-1	870926
9	49	92	-1	870926
9	49	93	-1	870926
9	49	94	-1	870926
9	49	95	-1	870926
9	52	96	-1	870926
9	52	97	-1	870926
9	52	98	-1	870926
9	52	99	-1	870926
9	52	100	-1	870926
9	52	101	-1	870926
9	11	102	-1	870926
9	11	103	-1	870926
9	11	104	-1	870926
9	11	105	-1	870926
9	11	106	-1	870926
9	11	107	-1	870926
9	11	108	-1	870926
9	55	109	-1	870926
9	55	110	-1	870926
9	55	111	-1	870926
9	55	112	-1	870926
9	61	113	-1	870926
9	61	114	-1	870926
9	61	115	-1	870926
9	61	116	-1	870926
9	61	117	-1	870926
9	61	118	-1	870926
9	61	119	-1	870926
9	61	120	-1	870926
9	2	121	-1	870926
9	2	122	-1	870926
9	2	123	-1	870926
9	14	124	-1	870926
9	14	125	-1	870926
9	14	126	-1	870926
9	14	127	-1	870926
9	12	128	-1	870926
9	12	129	-1	870926
9	12	130	-1	870926
9	12	131	-1	870926
9	12	132	-1	870926
9	12	133	-1	870926
9	12	134	-1	870926
9	12	135	-1	870926
9	12	136	-1	870926
9	12	137	-1	870926
9	61	138	-1	870926
9	61	139	-1	870926
9	61	140	-1	870926
9	61	141	-1	870926
9	61	142	-1	870926
9	61	143	-1	870926
9	61	144	-1	870926
9	61	145	-1	870926
9	53	146	-1	870926
9	53	147	-1	870926
9	53	148	-1	870926
9	53	149	-1	870926
9	53	150	-1	870926
9	53	151	-1	870926
9	46	152	-1	870926
9	46	153	-1	870926
9	46	154	-1	870926
9	46	155	-1	870926
9	0	156	-1	870926
9	0	157	-1	870926
9	18	158	-1	870926
9	18	159	-1	870926
9	18	160	-1	870926
9	18	161	-1	870926
9	18	162	-1	870926
9	18	163	-1	870926
9	18	164	-1	870926
9	18	165	-1	870926
9	62	166	-1	870926
9	62	167	-1	870926
9	62	168	-1	870926
9	62	169	-1	870926
9	62	170	-1	870926
9	62	171	-1	870926
9	62	172	-1	870926
9	62	173	-1	870926
9	45	174	-1	870926
9	45	175	-1	870926
9	45	176	-1	870926
9	45	177	-1	870926
9	30	178	-1	870926
9	30	179	-1	870926
9	30	180	-1	870926
9	30	181	-1	870926
9	30	182	-1	870926
9	30	183	-1	870926
9	29	184	-1	870926
9	29	185	-1	870926
9	29	186	-1	870926
9	29	187	-1	870926
9	29	188	-1	870926
9	29	189	-1	870926
9	29	190	-1	870926
9	48	191	-1	870926
9	48	192	-1	870926
9	48	193	-1	870926
9	48	194	-1	870926
9	48	195	-1	870926
9	48	196	-1	870926
9	14	197	-1	870926
9	14	198	-1	870926
9	14	199	-1	870926
9	14	200	-1	870926
9	14	201	-1	870926
9	14	202	-1	870926
9	14	203	-1	870926
9	14	204	-1	870926
9	14	205	-1	870926
9	14	206	-1	870926
9	14	207	-1	870926
9	14	208	-1	870926
9	55	209	-1	870926
9	55	210	-1	870926
9	55	211	-1	870926
9	55	212	-1	870926
9	55	213	-1	870926
9	55	214	-1	870926
9	55	215	-1	870926
9	55	216	-1	870926
9	55	217	-1	870926
9	2	218	-1	870926
9	2	219	-1	870926
9	2	220	-1	870926
9	2	221	-1	870926
9	55	222	-1	870926
9	55	223	-1	870926
9	55	224	-1	870926
9	55	225	-1	870926
9	55	226	-1	870926
9	55	227	-1	870926
9	63	228	-1	870926
9	63	229	-1	870926
9	63	230	-1	870926
9	63	231	-1	870926
9	63	232	-1	870926
9	63	233	-1	870926
9	63	234	-1	870926
9	24	235	-1	870926
9	24	236	-1	870926
9	24	237	-1	870926
9	24	238	-1	870926
9	24	239	-1	870926
9	8	240	-1	870926
9	8	241	-1	870926
9	8	242	-1	870926
9	8	243	-1	870926
9	8	244	-1	870926
9	11	245	-1	870926
9	11	246	-1	870926
9	11	247	-1	870926
9	11	248	-1	870926
9	2	256	-1	870926
9	2	257	-1	870926
9	2	258	-1	870926
9	2	259	-1	870926
9	2	260	-1	870926
9	2	261	-1	870926
9	14	262	-1	870926
9	14	263	-1	870926
9	14	264	-1	870926
9	14	265	-1	870926
9	14	266	-1	870926
9	14	267	-1	870926
9	14	268	-1	870926
9	14	269	-1	870926
9	8	270	-1	870926
9	8	271	-1	870926
9	11	272	-1	870926
9	11	273	-1	870926
9	11	274	-1	870926
9	11	275	-1	870926
9	11	276	-1	870926
